
january  

S    M    T    W    T    F    S 

                    01   02   03
04   05   06   07   08   09   10
11    12   13   14   15   16   17
18    19   20   21   22   23   24
25   26   27   28   29   30   31  $$                                               
february 

S    M    T    W    T    F    S 

01   02   03   04   05   06   07
08   09   10   11   12   13   14
15   16   17   18   19   20   21
22   23   24   25   26   27   28
29                                       $$                                                  
march    

S    M    T    W    T    F    S 

     01   02   03   04   05   06
07   08   09   10   11   12    13
14   15   16   17   18   19   20 
21   22   23   24   25   26   27
28   29   30   31                      $$                                                
april    

S    M    T    W    T    F    S 

                    01   02   03
04   05   06   07   08   09   10
11    12   13   14   15   16   17
18    19   20   21   22   23   24
25   26   27   28   29   30       $$                                               
may      

S    M    T    W    T    F    S 

                              01
02   03   04   05   06   07   08
09   10   11    12   13   14   15
16   17   18    19   20   21   22
23   24   25   26   27   28   29
30   31                                      
june     

S    M    T    W    T    F    S 

          01   02   03   04   05
06   07   08   09   10   11   12 
13   14   15   16   17   18   19 
20   21   22   23   24   25   26 
27   28   29   30                     $$                                              
july     

S    M    T    W    T    F    S 

                    01   02   03
04   05   06   07   08   09   10
11    12   13   14   15   16   17
18    19   20   21   22   23   24
25   26   27   28   29   30   31  $$                                               
august 

S    M    T    W    T    F    S 

01   02   03   04   05   06   07
08   09   10   11   12   13   14
15   16   17   18   19   20   21
22   23   24   25   26   27   28
29   30   31                             $$                                                  

september

S    M    T    W    T    F    S 

               01   02   03   04
05   06   07   08   09   10   11
12   13   14   15   16   17   18
19   20   21   22   23   24   25
26   27   28   29   30             $$                                                

october  

S    M    T    W    T    F    S 

                         01   02
03   04   05   06   07   08   09
10   11    12   13   14   15   16
17   18    19   20   21   22   23
24   25   26   27   28   29   30
31                                           $$
november 

S    M    T    W    T    F    S 

     01   02   03   04   05   06
07   08   09   10   11   12    13
14   15   16   17   18   19   20 
21   22   23   24   25   26   27
28   29   30                           $$                                                
december 

S    M    T    W    T    F    S 

               01   02   03   04
05   06   07   08   09   10   11
12   13   14   15   16   17   18
19   20   21   22   23   24   25
26   27   28   29   30  31         $$                                                
